[gd_scene format=3 uid="uid://t0m4nk8ico0q"]

[ext_resource type="PackedScene" uid="uid://cn06qe6p6mnbo" path="res://scenes/box.tscn" id="1_hajx6"]
[ext_resource type="PackedScene" uid="uid://bj0a6w6yln2jn" path="res://scenes/gameboy.tscn" id="2_3e8uw"]

[node name="box" unique_id=1449007014 instance=ExtResource("1_hajx6")]

[node name="flap_l" parent="box/Skeleton3D/physical_skeleton" parent_id_path=PackedInt32Array(707263489) index="0" unique_id=2057939551]
transform = Transform3D(1, -2.842171e-14, 2.3841851e-07, -1.9530103e-07, 0.57357615, 0.81915236, -1.3675117e-07, -0.81915236, 0.57357615, 2.842171e-14, 0.7282367, -1.3276107)
body_offset = Transform3D(1, -4.973799e-14, -7.1054274e-14, 7.1054274e-15, 1.0000001, 0, 2.842171e-14, 0, 1.0000001, 0, 0, 0)

[node name="flap_r" parent="box/Skeleton3D/physical_skeleton" parent_id_path=PackedInt32Array(707263489) index="1" unique_id=52395094]
transform = Transform3D(1, 2.2026826e-13, 2.3841079e-07, 1.9529465e-07, 0.5735759, -0.8191525, -1.3674685e-07, 0.8191525, 0.5735759, -2.842171e-14, 0.72823656, 1.3276107)
body_offset = Transform3D(1, 5.684342e-14, -7.958079e-12, -3.5527137e-14, 1.0000001, 2.9802322e-08, 7.9865e-12, -2.9802322e-08, 1.0000001, 0, 0, 0)

[node name="flap_f" parent="box/Skeleton3D/physical_skeleton" parent_id_path=PackedInt32Array(707263489) index="2" unique_id=680950752]
transform = Transform3D(0.57357657, -0.81915194, 2.8356646e-07, 0.81915194, 0.57357657, 2.6293807e-07, -3.7803332e-07, 8.1468905e-08, 1, -0.925918, 0.7946934, -4.7367422e-08)
body_offset = Transform3D(1, 5.960464e-07, -2.841989e-08, -4.4703486e-07, 1, 3.5525076e-09, 2.841989e-08, -3.5524934e-09, 1, 0, 0, 0)

[node name="flap_b" parent="box/Skeleton3D/physical_skeleton" parent_id_path=PackedInt32Array(707263489) index="3" unique_id=475548456]
transform = Transform3D(0.57357657, 0.81915194, -2.7530604e-08, -0.81915194, 0.57357657, -9.652945e-08, -6.328138e-08, 7.791878e-08, 1, 0.925918, 0.7946934, -4.7367422e-08)
body_offset = Transform3D(1, -5.9604645e-07, -7.1026065e-09, 4.4703484e-07, 1, 7.10272e-09, 7.102642e-09, -7.1026847e-09, 1, 0, 0, 0)

[node name="gameboy" parent="content_parent" parent_id_path=PackedInt32Array(846267319) index="0" unique_id=640936949 instance=ExtResource("2_3e8uw")]
