[gd_scene format=3 uid="uid://njpsx7g0twiw"]

[ext_resource type="Script" uid="uid://d1kt8ub0i0o77" path="res://scripts/game.gd" id="1_tbgi4"]
[ext_resource type="PackedScene" uid="uid://cn06qe6p6mnbo" path="res://scenes/box.tscn" id="4_tipki"]
[ext_resource type="Theme" uid="uid://ci68qf23fewv5" path="res://ui_theme.tres" id="5_85g3d"]
[ext_resource type="PackedScene" uid="uid://bj0a6w6yln2jn" path="res://scenes/gameboy.tscn" id="5_tefeu"]
[ext_resource type="PackedScene" uid="uid://b8ssfw6m4wf0j" path="res://scenes/mailbox.tscn" id="6_o6xl0"]
[ext_resource type="Script" uid="uid://dmfbvrxq6u5iw" path="res://scripts/object_viewer.gd" id="7_o6xl0"]

[node name="main" type="Node3D" unique_id=7951666]

[node name="scripts" type="Node" parent="." unique_id=537972198]

[node name="viewer" type="Node" parent="scripts" unique_id=1632554547 node_paths=PackedStringArray("camera")]
script = ExtResource("7_o6xl0")
camera = NodePath("../../world/camera")
drag_speed = Vector2(0.003, 0.003)
drag_smooth_time = 0.2
metadata/_custom_type_script = "uid://dmfbvrxq6u5iw"

[node name="game" type="Node3D" parent="scripts" unique_id=1723175009 node_paths=PackedStringArray("notification_button", "permissions_button", "app_page_button", "hello_world_button", "reset_button", "text", "delay_label", "delay_slider", "world", "mailbox", "gameboy", "box", "viewer", "viewing_parent")]
transform = Transform3D(0.99922216, -0.032813, 0.021871835, 0.03301667, 0.9994142, -0.009016852, -0.021563161, 0.009731951, 0.9997201, 0, 0, 0)
script = ExtResource("1_tbgi4")
notification_button = NodePath("../../ui/notification_button")
permissions_button = NodePath("../../ui/permissions_button")
app_page_button = NodePath("../../ui/app_page")
hello_world_button = NodePath("../../ui/hello_world")
reset_button = NodePath("../../ui/reset")
text = NodePath("../../ui/log")
delay_label = NodePath("../../ui/delay_widget/Label")
delay_slider = NodePath("../../ui/delay_widget/HSlider")
world = NodePath("../../world")
mailbox = NodePath("../../world/mailbox")
gameboy = NodePath("../../world/mailbox/box/content_parent/box/content_parent/gameboy")
box = NodePath("../../world/mailbox/box/content_parent/box")
viewer = NodePath("../viewer")
viewing_parent = NodePath("../../world/viewing_parent")

[node name="world" type="Node3D" parent="." unique_id=1193364249]

[node name="mailbox" parent="world" unique_id=25785074 instance=ExtResource("6_o6xl0")]
visible = false

[node name="box" parent="world/mailbox/box/content_parent" parent_id_path=PackedInt32Array(25785074, 155672104) index="0" unique_id=1009196777 instance=ExtResource("4_tipki")]
transform = Transform3D(1.4802341, 0.5694762, 0.12488067, -0.57653284, 1.379172, 0.5445054, 0.08664912, -0.55188155, 1.4896008, 0, 1.590909, 0)
visible = false

[node name="Skeleton3D" parent="world/mailbox/box/content_parent/box/box" parent_id_path=PackedInt32Array(1009196777, 1852968673) index="0" unique_id=577330285]
bones/2/rotation = Quaternion(-0.7071066, 2.5121473e-14, -1.6858745e-07, 0.70710695)
bones/3/rotation = Quaternion(2.94813e-07, 4.2093625e-08, -0.7062114, 0.7080011)
bones/4/rotation = Quaternion(-1.5871223e-08, -2.3583749e-07, -0.8558535, -0.5172183)
bones/5/scale = Vector3(0, 0, 0)
bones/6/scale = Vector3(0, 0, 0)
bones/7/scale = Vector3(0, 0, 0)
bones/8/scale = Vector3(0, 0, 0)
bones/9/scale = Vector3(0, 0, 0)
bones/10/scale = Vector3(0, 0, 0)
bones/11/scale = Vector3(0, 0, 0)
bones/12/scale = Vector3(0, 0, 0)
bones/13/scale = Vector3(0, 0, 0)
bones/14/scale = Vector3(0, 0, 0)
bones/15/scale = Vector3(0, 0, 0)
bones/16/scale = Vector3(0, 0, 0)

[node name="flap_l_attachment" parent="world/mailbox/box/content_parent/box" index="6" unique_id=1291339872]
transform = Transform3D(1.0000001, 0, 2.3841858e-07, 2.682209e-07, 5.662441e-07, -0.99999994, 0, 0.9999999, 5.364418e-07, -9.046216e-08, 0.72823673, -1.3276107)

[node name="flap_r_attachment" parent="world/mailbox/box/content_parent/box" index="7" unique_id=835983719]
transform = Transform3D(1, 2.9802322e-08, 2.0861626e-07, -2.0861626e-07, 4.7683716e-07, 0.9999999, 0, -0.9999999, 4.7683716e-07, -1.0551915e-09, 0.7282365, 1.3276107)

[node name="flap_f_attachment" parent="world/mailbox/box/content_parent/box" index="8" unique_id=1453285383]
transform = Transform3D(0.0025309622, 0.9999969, -1.4901161e-07, -0.99999684, 0.0025309622, -4.4703484e-07, -4.4703484e-07, 1.4901161e-07, 0.99999994, -0.92591816, 0.7946934, 2.1692733e-08)

[node name="flap_b_attachment" parent="world/mailbox/box/content_parent/box" index="9" unique_id=2135322237]
transform = Transform3D(-0.4649705, -0.88532615, 4.7683716e-07, 0.885326, -0.46497047, 4.172325e-07, -1.2665987e-07, 6.2584877e-07, 0.9999999, 0.92591804, 0.79469347, -3.046133e-08)

[node name="camera" type="Camera3D" parent="world" unique_id=507978905]
transform = Transform3D(1, 0, 0, 0, 0.99553734, 0.09436891, 0, -0.09436891, 0.99553734, 4.7683716e-07, 0.25618982, 7.909498)
fov = 51.6
size = 7.25

[node name="light" type="DirectionalLight3D" parent="world" unique_id=982340471]
transform = Transform3D(0.90571684, -0.21764983, 0.36373836, 0, 0.8581097, 0.5134664, -0.4238833, -0.46505517, 0.7772044, 3.2657259, 1.0447959, 4.043362)

[node name="viewing_parent" type="Node3D" parent="world" unique_id=2008776012]
transform = Transform3D(1, 0, 0, 0, 1, 0, 0, 0, 1, 0, -0.6331539, 0)

[node name="gameboy" parent="world/viewing_parent" unique_id=1598683642 instance=ExtResource("5_tefeu")]
transform = Transform3D(0.9249253, -0.064677075, 0.37460658, 0.06975647, 0.9975641, 0, -0.37369406, 0.026131233, 0.92718387, 0, 0, 0)
visible = false

[node name="ui" type="Control" parent="." unique_id=1108586680]
layout_mode = 3
anchors_preset = 15
anchor_right = 1.0
anchor_bottom = 1.0
grow_horizontal = 2
grow_vertical = 2
mouse_filter = 2

[node name="notification_button" type="Button" parent="ui" unique_id=1033478748]
visible = false
layout_mode = 0
offset_left = 24.0
offset_top = 22.0
offset_right = 446.0
offset_bottom = 122.0
theme = ExtResource("5_85g3d")
text = "SEND NOTIFICATION"

[node name="permissions_button" type="Button" parent="ui" unique_id=1216643286]
visible = false
layout_mode = 0
offset_left = 24.0
offset_top = 143.0
offset_right = 446.0
offset_bottom = 243.0
theme = ExtResource("5_85g3d")
text = "ASK PERMISSIONS"

[node name="app_page" type="Button" parent="ui" unique_id=414506203]
visible = false
layout_mode = 0
offset_left = 24.0
offset_top = 265.0
offset_right = 446.0
offset_bottom = 365.0
theme = ExtResource("5_85g3d")
text = "OPEN APP PAGE"

[node name="hello_world" type="Button" parent="ui" unique_id=235535162]
visible = false
layout_mode = 0
offset_left = 470.0
offset_top = 22.0
offset_right = 892.0
offset_bottom = 122.0
theme = ExtResource("5_85g3d")
text = "HELLO WORLD
"

[node name="reset" type="Button" parent="ui" unique_id=65483897]
layout_mode = 0
offset_left = 296.0
offset_top = 17.0
offset_right = 718.0
offset_bottom = 117.0
theme = ExtResource("5_85g3d")
text = "RESET"

[node name="delay_widget" type="Control" parent="ui" unique_id=2053507285]
visible = false
anchors_preset = 0
offset_left = 29.0
offset_top = 383.0
offset_right = 69.0
offset_bottom = 423.0
mouse_filter = 2

[node name="HSlider" type="HSlider" parent="ui/delay_widget" unique_id=236858906]
layout_mode = 0
offset_left = 1.0
offset_top = 51.0
offset_right = 351.0
offset_bottom = 81.0
max_value = 10.0
value = 3.0
rounded = true
tick_count = 10
ticks_on_borders = true

[node name="Label" type="Label" parent="ui/delay_widget" unique_id=287855535]
layout_mode = 0
offset_left = -1.0
offset_top = 1.0
offset_right = 86.0
offset_bottom = 46.0
theme = ExtResource("5_85g3d")
text = "Delay: 0"

[node name="log" type="Label" parent="ui" unique_id=1561684694]
visible = false
layout_mode = 0
offset_left = 466.0
offset_top = 33.0
offset_right = 1124.0
offset_bottom = 192.0
theme = ExtResource("5_85g3d")
text = "INFO"

[editable path="world/mailbox"]
[editable path="world/mailbox/box/content_parent/box"]
